26, 34, 35, 41, 61, 68, 79, 90, 117, 138, 139, 157, 158, 175, 219, 241
5, 24, 30, 73, 107, 128, 143, 153, 166, 175, 186, 190, 205, 213, 225, 235
9, 15, 24, 32, 39, 44, 47, 59, 103, 200, 201, 203, 204, 209, 217, 236
14, 40, 55, 56, 66, 74, 105, 125, 129, 153, 156, 157, 163, 176, 202, 235
7, 56, 91, 106, 123, 126, 130, 134, 137, 139, 144, 157, 199, 212, 221, 255
11, 23, 65, 104, 127, 134, 138, 139, 141, 146, 155, 159, 164, 216, 229, 247
32, 40, 85, 105, 107, 110, 119, 131, 133, 147, 160, 162, 182, 190, 216, 219
19, 27, 31, 43, 67, 71, 95, 97, 138, 156, 182, 218, 231, 237, 253, 255
24, 39, 53, 56, 62, 64, 76, 78, 96, 126, 149, 172, 173, 183, 190, 208
2, 18, 22, 37, 46, 47, 49, 55, 60, 136, 166, 175, 177, 186, 220, 226
7, 12, 33, 59, 80, 101, 148, 151, 159, 177, 204, 213, 215, 228, 242, 251
26, 40, 42, 52, 76, 86, 90, 99, 106, 126, 172, 181, 193, 225, 245, 252
5, 26, 62, 69, 75, 76, 81, 90, 103, 108, 131, 166, 169, 184, 190, 211
22, 23, 29, 49, 57, 90, 102, 111, 116, 127, 139, 155, 165, 168, 199, 250
20, 32, 65, 84, 87, 95, 111, 137, 144, 166, 178, 191, 206, 208, 216, 256
21, 29, 45, 57, 58, 71, 101, 106, 109, 120, 138, 157, 160, 164, 202, 250
2, 29, 31, 36, 77, 80, 139, 141, 160, 203, 218, 220, 229, 235, 237, 250
21, 24, 26, 35, 60, 62, 79, 86, 100, 101, 126, 128, 163, 193, 207, 238
3, 13, 18, 25, 61, 93, 94, 109, 112, 156, 174, 203, 214, 217, 226, 248
1, 12, 25, 34, 41, 46, 150, 157, 189, 191, 194, 207, 218, 220, 254, 255
19, 27, 36, 46, 54, 89, 141, 159, 170, 171, 189, 197, 203, 206, 218, 236
2, 3, 16, 19, 24, 46, 59, 97, 122, 133, 147, 152, 167, 179, 193, 248
21, 59, 101, 107, 114, 128, 129, 130, 149, 153, 175, 176, 187, 193, 211, 254
6, 15, 29, 45, 48, 86, 90, 92, 118, 151, 157, 165, 182, 207, 230, 234
8, 13, 16, 25, 43, 52, 141, 152, 156, 176, 179, 186, 193, 210, 227, 242
20, 45, 50, 54, 82, 84, 88, 111, 151, 152, 158, 197, 215, 241, 249, 256
34, 37, 38, 60, 93, 115, 122, 130, 134, 162, 163, 173, 194, 207, 216, 219
8, 46, 49, 90, 137, 139, 169, 173, 194, 197, 218, 224, 225, 229, 233, 235
11, 12, 25, 44, 52, 69, 121, 127, 134, 155, 161, 171, 184, 200, 217, 229
8, 12, 50, 54, 84, 90, 92, 94, 128, 141, 147, 155, 177, 203, 207, 217
12, 18, 29, 41, 44, 72, 89, 137, 141, 145, 172, 188, 208, 221, 228, 255
14, 25, 38, 49, 66, 93, 139, 162, 163, 171, 187, 188, 213, 232, 244, 246
5, 21, 23, 45, 47, 53, 66, 110, 121, 163, 170, 176, 216, 219, 241, 255
1, 2, 11, 19, 36, 57, 74, 79, 84, 101, 108, 165, 182, 195, 218, 232
6, 16, 44, 50, 67, 114, 134, 147, 178, 186, 189, 207, 209, 211, 243, 248
6, 55, 56, 80, 83, 91, 103, 106, 111, 151, 170, 176, 195, 238, 246, 253
2, 5, 21, 30, 34, 44, 64, 79, 80, 89, 99, 101, 131, 180, 222, 256
5, 35, 52, 56, 57, 70, 80, 90, 95, 147, 161, 193, 195, 197, 242, 247
23, 33, 70, 82, 83, 88, 101, 106, 109, 141, 148, 160, 196, 199, 214, 247
3, 4, 15, 21, 49, 74, 81, 95, 131, 134, 136, 141, 142, 166, 198, 247
1, 3, 10, 55, 102, 106, 107, 130, 139, 142, 168, 176, 187, 197, 244, 253
6, 15, 21, 86, 111, 116, 149, 158, 159, 166, 206, 208, 211, 229, 232, 233
30, 44, 47, 53, 57, 64, 75, 99, 121, 147, 163, 164, 184, 221, 232, 233
1, 12, 23, 26, 32, 66, 71, 72, 75, 113, 126, 130, 159, 173, 195, 248
17, 39, 45, 90, 106, 157, 165, 172, 189, 204, 212, 224, 226, 251, 252, 253
17, 39, 66, 70, 73, 89, 93, 96, 118, 144, 174, 191, 217, 226, 246, 248
3, 29, 41, 53, 55, 65, 79, 89, 107, 146, 169, 183, 186, 241, 244, 256
7, 28, 39, 40, 41, 43, 59, 61, 71, 96, 148, 197, 199, 207, 216, 237
8, 25, 35, 48, 49, 113, 135, 156, 158, 171, 179, 184, 224, 234, 236, 239
6, 15, 32, 46, 61, 92, 115, 129, 162, 177, 187, 196, 197, 207, 245, 248
11, 32, 67, 79, 83, 123, 127, 131, 160, 173, 191, 195, 222, 229, 240, 242
8, 19, 56, 72, 77, 91, 92, 104, 110, 111, 128, 136, 139, 178, 181, 196
52, 70, 83, 94, 97, 108, 117, 136, 137, 164, 165, 177, 217, 247, 252, 255
34, 46, 63, 104, 126, 127, 131, 142, 145, 146, 148, 160, 164, 194, 204, 240
2, 21, 39, 43, 48, 53, 77, 116, 124, 143, 153, 164, 186, 213, 219, 248
2, 9, 16, 18, 19, 37, 90, 97, 102, 125, 133, 173, 191, 209, 225, 248
8, 16, 45, 61, 62, 72, 92, 121, 123, 141, 158, 177, 184, 185, 231, 245
15, 96, 101, 111, 128, 130, 146, 163, 180, 181, 184, 200, 214, 219, 239, 247
3, 32, 50, 56, 71, 127, 128, 142, 153, 169, 176, 189, 196, 200, 215, 246
25, 26, 34, 77, 88, 97, 109, 121, 123, 138, 148, 153, 168, 179, 186, 217
12, 33, 43, 49, 54, 57, 63, 126, 143, 150, 151, 165, 171, 192, 233, 250
22, 42, 51, 62, 79, 83, 130, 131, 159, 161, 180, 190, 205, 215, 220, 253
16, 48, 56, 65, 98, 150, 158, 165, 180, 186, 210, 224, 228, 242, 246, 256
4, 17, 23, 58, 70, 71, 81, 82, 128, 148, 165, 168, 180, 213, 217, 246
23, 56, 75, 77, 86, 99, 106, 108, 118, 127, 159, 178, 179, 200, 226, 241
1, 10, 11, 18, 46, 63, 73, 91, 148, 194, 196, 214, 220, 232, 234, 237
9, 12, 30, 36, 70, 79, 127, 181, 190, 206, 214, 235, 241, 248, 250, 254
36, 61, 74, 82, 89, 126, 136, 155, 167, 186, 204, 206, 241, 245, 251, 256
12, 13, 23, 49, 50, 55, 81, 86, 114, 141, 150, 189, 206, 225, 243, 248
1, 4, 47, 48, 51, 52, 96, 124, 171, 174, 179, 181, 185, 200, 223, 234
19, 28, 73, 81, 102, 103, 142, 175, 177, 180, 189, 193, 204, 214, 216, 248
12, 54, 122, 150, 155, 177, 184, 194, 198, 204, 218, 220, 239, 245, 254, 255
55, 67, 71, 82, 87, 89, 90, 141, 171, 199, 202, 203, 212, 221, 227, 228
19, 27, 82, 99, 101, 107, 117, 121, 181, 182, 184, 197, 199, 214, 241, 248
33, 64, 68, 113, 126, 141, 150, 152, 171, 191, 192, 202, 212, 218, 238, 256
14, 17, 23, 27, 28, 40, 73, 89, 95, 109, 215, 232, 236, 240, 252, 256
13, 22, 35, 62, 92, 137, 154, 155, 181, 186, 200, 204, 214, 230, 245, 247
4, 5, 37, 46, 68, 69, 76, 77, 94, 126, 130, 178, 210, 238, 240, 250
7, 31, 69, 95, 100, 102, 131, 133, 134, 143, 157, 158, 177, 182, 218, 237
12, 21, 24, 53, 90, 97, 106, 119, 123, 134, 140, 154, 207, 212, 224, 245
3, 17, 45, 47, 54, 58, 71, 74, 85, 88, 94, 118, 140, 155, 173, 187
3, 16, 25, 29, 51, 54, 65, 67, 77, 107, 125, 126, 144, 157, 185, 201
1, 15, 45, 59, 66, 68, 75, 80, 89, 113, 139, 176, 182, 191, 238, 239
23, 41, 67, 69, 70, 100, 110, 114, 142, 164, 174, 186, 188, 197, 224, 253
28, 30, 51, 53, 78, 83, 104, 142, 154, 157, 162, 180, 194, 233, 245, 253
24, 27, 33, 46, 68, 85, 136, 172, 173, 186, 198, 204, 207, 220, 233, 247
21, 40, 72, 73, 74, 100, 107, 113, 138, 139, 157, 160, 172, 234, 238, 247
6, 11, 24, 37, 48, 74, 115, 116, 117, 130, 132, 134, 150, 155, 162, 190
3, 23, 34, 69, 77, 84, 96, 141, 142, 150, 180, 192, 201, 205, 213, 241
13, 20, 26, 51, 76, 80, 142, 171, 188, 189, 190, 191, 216, 225, 231, 245
5, 10, 15, 27, 72, 78, 85, 86, 101, 105, 124, 126, 155, 183, 189, 217
1, 7, 11, 48, 77, 80, 86, 91, 94, 130, 142, 143, 190, 204, 235, 243
4, 55, 75, 84, 85, 102, 109, 122, 126, 139, 157, 165, 173, 199, 218, 223
6, 17, 19, 83, 101, 105, 116, 121, 136, 181, 183, 200, 216, 237, 247, 252
21, 23, 78, 80, 136, 140, 141, 162, 171, 173, 184, 186, 219, 232, 236, 245
32, 55, 69, 77, 86, 91, 92, 110, 114, 128, 139, 158, 183, 209, 227, 230
16, 20, 27, 29, 106, 107, 133, 146, 170, 180, 186, 205, 229, 231, 235, 253
16, 39, 43, 50, 61, 90, 108, 109, 144, 149, 161, 170, 209, 221, 241, 254
14, 58, 66, 68, 69, 71, 102, 107, 178, 187, 203, 205, 240, 249, 251, 254
11, 61, 82, 101, 107, 120, 133, 142, 162, 191, 200, 225, 232, 241, 247, 249
8, 28, 97, 101, 106, 114, 120, 155, 167, 170, 179, 182, 186, 202, 214, 219
37, 76, 91, 112, 114, 123, 146, 156, 169, 172, 177, 181, 189, 190, 218, 251
2, 12, 25, 55, 61, 66, 68, 75, 87, 90, 121, 123, 147, 229, 237, 242
1, 33, 36, 65, 78, 86, 88, 93, 97, 99, 112, 120, 124, 190, 201, 250
2, 5, 11, 38, 53, 87, 123, 145, 153, 162, 171, 178, 219, 230, 253, 254
26, 30, 34, 54, 63, 74, 103, 104, 117, 135, 147, 160, 173, 186, 209, 233
12, 33, 39, 61, 81, 102, 111, 120, 130, 147, 161, 167, 170, 171, 211, 227
2, 4, 53, 70, 72, 104, 111, 115, 145, 151, 167, 203, 214, 220, 236, 247
4, 18, 23, 37, 40, 61, 67, 82, 88, 129, 183, 199, 214, 218, 245, 250
1, 27, 38, 53, 113, 114, 132, 160, 162, 167, 174, 196, 208, 222, 233, 235
10, 12, 39, 66, 86, 113, 130, 141, 145, 148, 149, 161, 177, 184, 208, 256
12, 13, 16, 52, 101, 113, 117, 155, 165, 179, 204, 207, 212, 218, 224, 238
2, 25, 44, 66, 79, 95, 96, 129, 151, 170, 172, 187, 193, 197, 238, 249
2, 31, 37, 39, 47, 53, 89, 108, 129, 131, 142, 145, 156, 161, 218, 246
7, 15, 26, 56, 58, 60, 95, 114, 146, 157, 195, 205, 225, 228, 231, 234
24, 52, 57, 63, 72, 81, 85, 114, 136, 145, 148, 155, 175, 195, 210, 217
1, 14, 32, 60, 80, 85, 90, 114, 115, 147, 172, 181, 190, 194, 214, 219
4, 17, 19, 33, 45, 48, 60, 122, 128, 155, 198, 212, 213, 236, 253, 255
4, 24, 40, 43, 50, 55, 61, 73, 130, 153, 159, 192, 224, 238, 243, 250
4, 13, 29, 44, 55, 67, 118, 122, 123, 128, 190, 193, 194, 219, 233, 241
10, 46, 60, 73, 96, 103, 106, 149, 152, 172, 174, 192, 195, 199, 223, 229
7, 15, 32, 43, 68, 69, 96, 99, 123, 132, 151, 174, 192, 200, 226, 241
22, 29, 64, 104, 110, 115, 128, 131, 133, 136, 161, 181, 188, 199, 220, 256
7, 22, 56, 57, 75, 96, 117, 124, 130, 133, 176, 189, 192, 196, 213, 243
5, 19, 73, 106, 144, 154, 173, 179, 192, 208, 209, 215, 225, 232, 237, 244
2, 10, 40, 47, 53, 60, 79, 88, 90, 113, 117, 130, 175, 176, 185, 243
9, 27, 35, 39, 57, 62, 66, 85, 89, 92, 98, 107, 165, 184, 212, 231
80, 92, 95, 99, 114, 124, 132, 140, 145, 162, 197, 207, 208, 239, 247, 255
7, 10, 14, 37, 64, 94, 104, 115, 137, 143, 174, 212, 219, 221, 226, 250
6, 30, 41, 47, 79, 153, 155, 161, 166, 192, 201, 203, 212, 213, 243, 256
6, 21, 26, 43, 57, 77, 91, 139, 143, 149, 176, 213, 217, 224, 236, 242
19, 21, 31, 35, 57, 58, 108, 149, 155, 192, 195, 200, 219, 239, 244, 245
31, 36, 66, 95, 113, 115, 118, 128, 140, 141, 143, 169, 186, 208, 230, 246
3, 21, 24, 49, 63, 67, 70, 75, 91, 96, 105, 119, 144, 159, 182, 212
7, 13, 18, 22, 37, 47, 66, 75, 104, 129, 138, 140, 159, 178, 227, 235
55, 59, 60, 71, 114, 120, 132, 150, 164, 174, 191, 199, 201, 207, 214, 220
28, 45, 65, 73, 102, 118, 123, 129, 149, 155, 167, 177, 179, 192, 207, 229
10, 58, 80, 93, 104, 113, 117, 128, 169, 170, 173, 188, 192, 196, 218, 241
43, 58, 63, 92, 100, 105, 152, 177, 192, 204, 205, 207, 213, 218, 244, 254
17, 21, 39, 43, 69, 94, 110, 127, 134, 153, 162, 170, 181, 196, 220, 255
18, 21, 22, 37, 57, 104, 134, 166, 168, 177, 205, 233, 236, 242, 247, 252
7, 51, 63, 76, 85, 94, 98, 102, 144, 164, 165, 174, 181, 204, 247, 252
37, 40, 78, 96, 97, 109, 154, 159, 166, 171, 173, 174, 182, 188, 217, 237
4, 6, 9, 17, 45, 91, 126, 143, 145, 146, 151, 164, 168, 180, 188, 228
43, 62, 82, 93, 96, 140, 159, 160, 170, 183, 198, 228, 231, 232, 233, 240
1, 22, 32, 55, 164, 166, 168, 186, 202, 204, 211, 217, 220, 228, 237, 240
32, 37, 44, 46, 99, 103, 107, 110, 113, 127, 150, 195, 206, 223, 247, 250
21, 24, 37, 75, 77, 98, 103, 114, 125, 128, 131, 182, 214, 224, 231, 236
16, 32, 35, 39, 42, 52, 65, 69, 86, 121, 140, 151, 156, 194, 219, 229
11, 33, 44, 53, 80, 98, 139, 140, 148, 153, 156, 207, 215, 245, 250, 253
9, 12, 13, 54, 60, 88, 91, 99, 115, 139, 158, 180, 183, 194, 195, 214
7, 20, 27, 51, 78, 108, 112, 133, 144, 150, 185, 188, 202, 208, 220, 248
7, 19, 51, 57, 125, 127, 132, 134, 137, 145, 147, 194, 196, 208, 232, 242
27, 61, 66, 84, 114, 123, 168, 177, 186, 197, 199, 224, 227, 247, 249, 255
3, 32, 69, 91, 103, 112, 144, 151, 176, 182, 198, 208, 210, 216, 218, 228
17, 18, 69, 78, 105, 110, 128, 133, 155, 175, 178, 188, 206, 218, 232, 236
17, 20, 34, 50, 73, 104, 111, 119, 130, 177, 178, 196, 204, 209, 213, 225
65, 82, 83, 124, 127, 130, 132, 174, 183, 186, 189, 191, 193, 216, 250, 256
2, 7, 21, 31, 45, 58, 120, 121, 141, 152, 193, 216, 244, 246, 248, 251
16, 20, 22, 27, 37, 62, 82, 102, 117, 120, 126, 153, 172, 188, 206, 213
29, 40, 43, 80, 119, 133, 135, 149, 151, 162, 167, 199, 216, 246, 247, 252
2, 14, 35, 39, 41, 93, 132, 140, 143, 180, 182, 196, 199, 236, 239, 255
2, 5, 18, 30, 60, 100, 106, 107, 113, 116, 141, 167, 181, 203, 207, 252
9, 32, 64, 67, 86, 91, 114, 125, 143, 144, 159, 195, 198, 199, 234, 237
5, 20, 25, 33, 54, 71, 85, 137, 144, 175, 186, 192, 199, 204, 216, 235
1, 47, 98, 101, 116, 124, 133, 144, 148, 158, 160, 194, 217, 232, 234, 253
4, 7, 38, 58, 63, 65, 98, 134, 144, 171, 181, 184, 195, 198, 204, 211
5, 30, 57, 71, 94, 98, 105, 109, 144, 145, 152, 188, 190, 210, 237, 250
5, 38, 39, 86, 89, 92, 93, 95, 120, 137, 156, 165, 191, 203, 223, 226
31, 64, 66, 69, 70, 91, 100, 112, 151, 157, 173, 205, 224, 231, 239, 242
28, 39, 55, 74, 84, 99, 106, 142, 153, 163, 176, 198, 199, 215, 218, 227
30, 38, 50, 55, 88, 102, 135, 143, 157, 180, 191, 203, 210, 219, 239, 246
2, 4, 51, 66, 69, 109, 117, 121, 137, 152, 165, 189, 192, 206, 219, 225
2, 6, 27, 89, 99, 114, 127, 131, 134, 170, 184, 190, 215, 231, 238, 255
15, 19, 26, 60, 69, 72, 79, 80, 88, 91, 104, 120, 124, 159, 172, 229
12, 30, 66, 68, 82, 102, 124, 152, 167, 190, 208, 209, 224, 241, 250, 256
12, 22, 28, 40, 62, 63, 83, 103, 126, 139, 143, 163, 176, 196, 220, 225
15, 31, 47, 51, 57, 88, 106, 109, 120, 144, 167, 178, 223, 242, 247, 251
14, 30, 32, 52, 61, 67, 81, 108, 119, 124, 147, 174, 175, 200, 201, 253
23, 25, 49, 88, 92, 94, 112, 128, 151, 154, 163, 165, 176, 193, 218, 229
1, 20, 30, 53, 61, 74, 124, 137, 141, 155, 176, 182, 184, 192, 221, 250
9, 11, 55, 74, 80, 127, 130, 144, 176, 182, 191, 192, 195, 200, 220, 238
4, 10, 15, 61, 76, 110, 133, 157, 170, 172, 177, 193, 201, 215, 221, 248
26, 29, 49, 61, 63, 84, 102, 108, 143, 178, 199, 222, 242, 248, 250, 253
5, 23, 34, 70, 78, 92, 94, 112, 130, 137, 150, 157, 192, 210, 219, 231
26, 29, 54, 59, 70, 112, 150, 180, 186, 187, 204, 213, 226, 234, 241, 248
18, 19, 21, 29, 73, 87, 88, 103, 107, 112, 156, 165, 193, 198, 209, 211
23, 50, 55, 58, 59, 76, 77, 94, 106, 131, 148, 185, 191, 195, 233, 241
5, 13, 15, 37, 62, 70, 71, 73, 75, 94, 127, 135, 148, 162, 167, 170
13, 29, 42, 60, 77, 84, 93, 104, 122, 154, 160, 168, 202, 212, 217, 232
6, 20, 22, 38, 42, 47, 63, 95, 162, 168, 174, 175, 176, 189, 201, 207
5, 43, 44, 45, 53, 60, 74, 129, 132, 142, 152, 153, 173, 220, 223, 236
4, 12, 13, 38, 44, 73, 77, 105, 171, 190, 198, 202, 208, 218, 220, 235
13, 15, 21, 43, 50, 52, 66, 78, 121, 130, 148, 173, 205, 230, 232, 253
8, 15, 22, 30, 49, 62, 73, 86, 125, 130, 132, 136, 167, 176, 197, 247
23, 25, 36, 72, 87, 108, 122, 165, 174, 192, 206, 231, 237, 240, 251, 253
6, 28, 36, 46, 62, 131, 138, 140, 151, 164, 178, 201, 209, 215, 217, 220
21, 34, 40, 58, 75, 117, 123, 149, 163, 179, 223, 224, 232, 234, 241, 256
1, 6, 23, 26, 37, 39, 42, 53, 98, 109, 135, 163, 208, 220, 246, 247
1, 11, 16, 22, 80, 141, 145, 146, 148, 158, 174, 176, 203, 221, 225, 233
6, 59, 65, 108, 109, 113, 116, 132, 177, 181, 187, 207, 218, 223, 226, 247
6, 10, 18, 34, 41, 69, 83, 99, 104, 113, 116, 155, 170, 188, 221, 253
72, 77, 90, 120, 122, 145, 149, 156, 162, 167, 179, 180, 201, 210, 230, 243
4, 10, 11, 51, 63, 68, 99, 109, 111, 120, 133, 152, 160, 174, 211, 253
18, 36, 56, 68, 75, 85, 128, 174, 185, 204, 211, 220, 229, 232, 240, 250
6, 12, 21, 29, 31, 56, 101, 133, 136, 148, 151, 166, 173, 187, 247, 254
19, 37, 57, 67, 102, 104, 152, 159, 167, 170, 195, 205, 237, 239, 242, 254
21, 43, 87, 94, 110, 123, 125, 141, 157, 159, 160, 169, 180, 196, 201, 230
18, 23, 25, 28, 37, 49, 70, 87, 96, 100, 122, 162, 164, 182, 198, 214
5, 18, 21, 44, 66, 69, 93, 101, 105, 122, 143, 157, 198, 208, 243, 249
11, 17, 33, 34, 90, 97, 99, 123, 138, 141, 177, 194, 202, 224, 236, 239
7, 36, 44, 46, 71, 98, 101, 111, 115, 131, 151, 192, 195, 199, 208, 238
7, 10, 18, 20, 27, 56, 71, 125, 162, 184, 190, 197, 198, 211, 238, 252
4, 8, 12, 23, 41, 75, 76, 98, 140, 170, 181, 185, 187, 241, 248, 253
23, 30, 40, 65, 66, 90, 97, 104, 106, 109, 126, 188, 220, 224, 250, 252
2, 28, 33, 53, 121, 133, 144, 156, 159, 176, 179, 217, 223, 224, 241, 251
18, 28, 41, 50, 51, 134, 151, 153, 171, 174, 178, 203, 212, 216, 219, 243
13, 39, 65, 67, 77, 84, 108, 111, 113, 116, 133, 167, 223, 234, 255, 256
2, 8, 46, 47, 102, 124, 137, 145, 149, 168, 181, 236, 242, 244, 245, 249
17, 18, 25, 28, 35, 61, 113, 114, 138, 143, 169, 199, 214, 227, 235, 254
1, 5, 6, 42, 56, 63, 64, 67, 126, 154, 174, 181, 202, 212, 217, 239
9, 32, 58, 62, 106, 118, 120, 131, 134, 142, 157, 171, 204, 212, 236, 241
8, 25, 35, 36, 55, 77, 80, 93, 116, 138, 154, 161, 177, 243, 246, 248
7, 20, 28, 32, 64, 78, 103, 106, 119, 167, 170, 183, 193, 209, 211, 231
5, 18, 32, 35, 41, 43, 70, 87, 103, 133, 158, 188, 195, 202, 204, 215
6, 7, 10, 30, 36, 46, 53, 71, 72, 81, 100, 113, 129, 135, 153, 225
26, 27, 30, 34, 53, 59, 74, 96, 102, 105, 126, 165, 170, 189, 222, 244
40, 49, 53, 54, 74, 76, 78, 99, 122, 134, 142, 143, 169, 193, 195, 231
8, 9, 11, 34, 64, 103, 110, 120, 144, 161, 162, 178, 185, 205, 248, 253
15, 54, 83, 91, 99, 105, 107, 113, 142, 158, 172, 181, 191, 204, 207, 216
11, 13, 27, 32, 52, 73, 100, 104, 107, 119, 160, 209, 218, 219, 244, 253
11, 25, 36, 56, 70, 73, 126, 135, 143, 170, 196, 202, 203, 216, 218, 241
20, 23, 32, 53, 58, 63, 86, 93, 126, 149, 167, 197, 215, 218, 229, 243
4, 21, 27, 36, 74, 104, 118, 144, 155, 158, 160, 168, 195, 204, 213, 247
1, 7, 30, 41, 50, 89, 132, 174, 178, 182, 194, 200, 208, 214, 233, 255
17, 19, 26, 31, 90, 102, 115, 148, 155, 207, 211, 212, 229, 239, 240, 248
8, 19, 23, 48, 50, 90, 138, 145, 158, 164, 174, 178, 203, 214, 217, 231
23, 46, 56, 62, 70, 113, 117, 136, 142, 168, 176, 178, 183, 184, 242, 249
5, 20, 24, 52, 69, 80, 96, 100, 118, 134, 146, 154, 166, 185, 214, 216
14, 16, 19, 30, 39, 53, 119, 174, 188, 203, 204, 205, 236, 240, 250, 255
2, 41, 45, 53, 56, 125, 134, 142, 183, 185, 193, 196, 197, 215, 239, 256
33, 34, 51, 82, 84, 94, 99, 115, 118, 140, 149, 158, 183, 184, 207, 255
25, 27, 40, 43, 61, 64, 79, 86, 109, 113, 150, 157, 159, 164, 193, 252
44, 75, 77, 82, 98, 104, 106, 121, 123, 154, 173, 187, 219, 232, 240, 244
7, 27, 36, 40, 57, 71, 80, 85, 141, 152, 155, 169, 183, 191, 201, 249
13, 33, 83, 104, 113, 119, 127, 134, 137, 173, 176, 197, 209, 225, 238, 241
13, 22, 33, 61, 65, 69, 108, 113, 154, 156, 177, 180, 181, 221, 226, 237
18, 26, 34, 45, 46, 70, 85, 132, 147, 156, 161, 162, 175, 198, 212, 236
3, 18, 29, 31, 41, 44, 45, 52, 92, 108, 130, 142, 154, 161, 210, 237
9, 27, 110, 113, 116, 121, 124, 131, 140, 141, 171, 207, 210, 222, 226, 228
32, 34, 40, 68, 71, 80, 113, 131, 133, 158, 170, 199, 203, 216, 242, 252
30, 36, 39, 44, 88, 91, 116, 127, 174, 180, 184, 194, 231, 233, 234, 241
2, 15, 27, 50, 56, 61, 66, 78, 80, 82, 83, 92, 131, 176, 183, 187
10, 24, 29, 41, 54, 101, 120, 122, 158, 168, 190, 205, 215, 236, 253, 256
24, 50, 53, 73, 76, 80, 81, 86, 95, 113, 125, 128, 149, 161, 214, 215
13, 19, 60, 75, 96, 108, 116, 152, 153, 186, 219, 237, 247, 248, 254, 256
