3, 34, 47, 55, 63, 67, 73, 81, 91, 97
20, 33, 46, 49, 60, 70, 76, 77, 97, 98
6, 7, 19, 33, 53, 72, 80, 82, 89, 94
24, 28, 29, 36, 43, 49, 68, 69, 73, 100
19, 33, 35, 37, 62, 68, 73, 81, 84, 90
8, 13, 21, 24, 43, 65, 70, 81, 83, 89
4, 11, 25, 38, 40, 56, 57, 71, 82, 93
6, 10, 45, 60, 61, 65, 67, 70, 79, 89
1, 5, 6, 17, 20, 32, 37, 69, 72, 97
7, 8, 21, 27, 28, 29, 44, 78, 86, 97
3, 17, 20, 22, 33, 34, 54, 57, 64, 84
27, 56, 57, 79, 80, 83, 85, 88, 90, 91
4, 17, 24, 37, 41, 50, 72, 77, 80, 88
11, 16, 41, 55, 57, 58, 61, 76, 80, 98
3, 16, 42, 43, 47, 50, 66, 82, 83, 96
11, 18, 19, 26, 43, 44, 51, 65, 79, 80
6, 12, 20, 27, 34, 58, 60, 81, 93, 94
1, 8, 10, 22, 51, 54, 64, 76, 88, 99
8, 15, 17, 20, 22, 24, 33, 82, 86, 98
1, 21, 54, 60, 62, 65, 68, 72, 80, 83
8, 14, 15, 36, 62, 68, 70, 78, 84, 91
7, 8, 20, 21, 49, 59, 64, 67, 94, 100
24, 25, 30, 49, 60, 62, 71, 79, 85, 98
9, 20, 27, 28, 46, 50, 52, 57, 62, 99
10, 23, 32, 62, 67, 73, 76, 79, 87, 93
3, 19, 33, 42, 51, 57, 58, 68, 79, 80
3, 30, 41, 58, 73, 75, 86, 87, 96, 98
9, 18, 24, 26, 33, 35, 47, 66, 68, 88
4, 15, 16, 36, 37, 46, 73, 74, 77, 88
18, 32, 41, 43, 45, 69, 71, 75, 94, 97
9, 19, 38, 40, 43, 44, 68, 69, 77, 100
1, 3, 15, 16, 19, 48, 51, 63, 64, 87
7, 33, 40, 43, 50, 64, 67, 72, 79, 92
3, 7, 26, 41, 71, 75, 89, 93, 94, 98
2, 11, 14, 20, 37, 47, 57, 87, 92, 94
2, 6, 24, 27, 29, 48, 50, 54, 57, 79
1, 9, 12, 13, 17, 32, 36, 83, 93, 94
9, 18, 28, 36, 37, 53, 81, 82, 87, 92
12, 27, 38, 51, 56, 58, 59, 69, 93, 98
3, 4, 19, 34, 36, 56, 64, 71, 74, 85
2, 10, 23, 33, 36, 50, 68, 77, 82, 84
6, 8, 26, 35, 41, 45, 68, 76, 77, 87
2, 12, 29, 30, 62, 65, 77, 94, 95, 100
5, 24, 47, 61, 62, 66, 68, 83, 97, 98
2, 3, 16, 18, 24, 31, 68, 86, 95, 97
5, 7, 12, 16, 43, 58, 68, 85, 95, 96
44, 46, 47, 51, 52, 54, 64, 68, 98, 100
10, 22, 34, 42, 45, 52, 63, 65, 83, 87
2, 5, 7, 22, 28, 36, 42, 67, 71, 82
8, 17, 19, 25, 39, 44, 49, 86, 92, 96
1, 4, 28, 36, 37, 41, 81, 83, 85, 95
10, 17, 18, 25, 53, 54, 56, 68, 74, 100
10, 26, 28, 47, 51, 62, 69, 80, 92, 99
2, 12, 24, 32, 52, 68, 69, 75, 80, 88
4, 14, 28, 50, 54, 58, 60, 68, 69, 77
11, 18, 38, 50, 71, 79, 86, 88, 91, 99
5, 25, 35, 45, 48, 50, 58, 66, 88, 96
14, 30, 39, 48, 49, 54, 82, 83, 93, 100
14, 19, 22, 27, 31, 34, 39, 59, 94, 99
2, 18, 27, 31, 39, 60, 71, 76, 77, 85
4, 6, 16, 18, 26, 27, 42, 47, 58, 64
15, 25, 27, 35, 48, 56, 66, 80, 87, 99
1, 7, 13, 21, 27, 40, 42, 68, 77, 95
4, 18, 25, 33, 45, 58, 67, 90, 96, 98
3, 20, 25, 41, 50, 54, 57, 62, 73, 85
3, 10, 16, 21, 35, 42, 50, 59, 71, 84
9, 21, 24, 26, 50, 51, 58, 79, 87, 91
5, 24, 28, 39, 43, 65, 66, 80, 94, 100
20, 29, 32, 44, 70, 71, 73, 81, 86, 89
5, 23, 57, 61, 69, 76, 78, 86, 92, 99
23, 27, 30, 38, 47, 49, 60, 94, 99, 100
3, 6, 27, 31, 35, 41, 69, 79, 83, 86
3, 32, 45, 60, 61, 67, 78, 81, 85, 99
2, 8, 11, 14, 18, 24, 36, 51, 71, 78
3, 30, 39, 42, 46, 63, 81, 82, 87, 92
5, 8, 21, 22, 51, 52, 54, 62, 77, 93
1, 3, 4, 6, 7, 18, 20, 26, 53, 60
5, 6, 13, 29, 42, 46, 62, 64, 77, 93
1, 9, 15, 24, 42, 48, 54, 55, 83, 88
4, 13, 48, 49, 60, 67, 75, 94, 95, 97
29, 45, 47, 51, 52, 55, 58, 89, 90, 100
2, 3, 25, 26, 36, 37, 41, 45, 78, 81
4, 6, 16, 25, 31, 49, 62, 84, 93, 99
28, 37, 46, 50, 59, 86, 89, 90, 96, 99
9, 13, 14, 18, 24, 48, 67, 68, 72, 81
5, 13, 30, 31, 45, 60, 73, 80, 83, 84
20, 46, 47, 51, 56, 57, 58, 59, 66, 92
25, 32, 35, 43, 47, 82, 88, 90, 94, 95
18, 53, 58, 61, 62, 64, 66, 86, 93, 98
5, 16, 18, 50, 53, 57, 58, 72, 74, 97
8, 10, 32, 52, 53, 59, 71, 74, 75, 97
1, 2, 10, 23, 26, 30, 32, 35, 43, 88
10, 17, 18, 24, 48, 58, 64, 69, 77, 80
2, 18, 19, 20, 22, 43, 66, 74, 79, 92
11, 22, 29, 30, 49, 62, 76, 83, 92, 98
9, 15, 16, 30, 31, 55, 69, 87, 94, 100
1, 19, 22, 31, 44, 57, 64, 71, 72, 81
7, 17, 25, 45, 60, 78, 79, 83, 96, 98
16, 20, 21, 23, 26, 37, 56, 64, 65, 87
1, 16, 20, 39, 47, 52, 60, 66, 68, 97
16, 26, 28, 45, 68, 75, 81, 88, 97, 99
7, 9, 19, 42, 46, 49, 54, 81, 91, 98
20, 35, 41, 46, 52, 54, 63, 72, 95, 96
16, 32, 38, 47, 53, 54, 70, 82, 93, 96
3, 4, 5, 8, 13, 25, 29, 57, 65, 97
18, 29, 31, 42, 53, 61, 72, 77, 85, 86
4, 5, 8, 19, 39, 46, 80, 82, 91, 94
1, 11, 19, 25, 33, 34, 61, 78, 86, 88
3, 6, 14, 18, 28, 44, 50, 63, 84, 90
1, 22, 26, 37, 39, 47, 61, 63, 68, 71
11, 17, 22, 30, 31, 47, 57, 69, 73, 75
5, 14, 29, 52, 54, 62, 68, 78, 80, 96
3, 13, 14, 41, 46, 54, 56, 59, 60, 100
1, 6, 8, 35, 41, 43, 49, 54, 74, 90
8, 16, 32, 40, 41, 45, 50, 62, 76, 96
2, 5, 7, 23, 25, 28, 35, 36, 64, 90
3, 10, 26, 47, 61, 70, 73, 83, 87, 100
14, 36, 38, 39, 44, 47, 52, 58, 64, 67
6, 8, 11, 17, 20, 36, 46, 49, 53, 77
18, 32, 34, 37, 44, 52, 62, 64, 69, 81
15, 28, 39, 60, 61, 65, 67, 75, 90, 94
9, 18, 29, 31, 45, 67, 69, 70, 71, 98
1, 14, 20, 45, 56, 64, 77, 80, 87, 91
8, 15, 18, 38, 47, 52, 63, 75, 93, 98
7, 17, 22, 31, 49, 60, 73, 80, 96, 99
9, 26, 36, 43, 61, 70, 71, 72, 76, 98
9, 26, 28, 32, 50, 56, 62, 67, 76, 79
4, 17, 23, 34, 50, 57, 67, 80, 93, 94
1, 4, 36, 59, 61, 67, 75, 88, 94, 97
1, 4, 18, 22, 35, 38, 53, 64, 78, 87
16, 28, 31, 41, 49, 57, 60, 64, 78, 92
5, 11, 23, 27, 50, 53, 56, 66, 76, 80
17, 21, 29, 30, 40, 63, 65, 83, 97, 99
5, 9, 42, 43, 48, 57, 64, 65, 74, 94
11, 23, 24, 25, 26, 37, 59, 67, 82, 91
19, 29, 33, 35, 43, 52, 68, 80, 83, 97
7, 8, 23, 26, 53, 54, 63, 80, 92, 93
7, 10, 24, 25, 38, 42, 44, 50, 87, 100
4, 30, 39, 42, 51, 52, 61, 67, 83, 98
23, 34, 38, 39, 54, 55, 64, 66, 85, 90
15, 29, 37, 52, 55, 66, 69, 82, 92, 100
28, 39, 52, 61, 65, 75, 79, 80, 93, 99
41, 46, 47, 59, 70, 72, 74, 88, 90, 92
4, 25, 30, 33, 40, 42, 78, 90, 99, 100
5, 8, 27, 39, 42, 46, 66, 71, 82, 88
17, 26, 42, 54, 57, 69, 79, 81, 85, 96
14, 15, 17, 30, 46, 78, 84, 89, 94, 99
1, 3, 6, 13, 18, 66, 78, 80, 83, 88
10, 25, 29, 51, 54, 66, 70, 77, 85, 86
2, 16, 45, 55, 59, 62, 79, 80, 87, 95
6, 8, 12, 20, 23, 39, 77, 92, 96, 99
9, 28, 35, 39, 53, 55, 58, 72, 74, 87
9, 25, 40, 46, 63, 64, 72, 75, 84, 86
5, 18, 32, 55, 60, 62, 67, 71, 73, 84
2, 4, 6, 40, 45, 58, 63, 72, 90, 98
2, 6, 39, 45, 50, 52, 79, 94, 96, 100
1, 6, 27, 28, 32, 36, 46, 58, 72, 100
1, 2, 18, 34, 72, 75, 89, 91, 95, 97
9, 20, 21, 36, 53, 58, 59, 68, 85, 92
18, 20, 21, 31, 38, 47, 54, 59, 62, 68
28, 47, 53, 57, 65, 73, 85, 88, 98, 100
10, 14, 25, 27, 31, 36, 39, 60, 65, 95
3, 11, 26, 35, 40, 48, 57, 58, 63, 99
4, 11, 12, 24, 26, 51, 53, 62, 91, 100
13, 18, 31, 32, 33, 49, 74, 75, 89, 98
1, 7, 11, 19, 27, 45, 58, 67, 73, 82
19, 20, 22, 28, 38, 39, 48, 50, 78, 98
3, 4, 7, 18, 20, 35, 54, 71, 91, 99
17, 25, 26, 31, 34, 47, 58, 67, 97, 100
3, 17, 37, 41, 42, 49, 56, 79, 84, 94
9, 19, 25, 36, 47, 57, 71, 75, 77, 84
7, 25, 48, 55, 60, 64, 75, 79, 84, 91
2, 5, 20, 24, 55, 65, 79, 82, 84, 97
4, 9, 36, 44, 47, 54, 68, 80, 83, 87
4, 8, 11, 27, 53, 54, 58, 66, 80, 82
5, 9, 32, 45, 46, 61, 67, 80, 81, 96
2, 7, 23, 41, 52, 81, 84, 86, 92, 94
4, 14, 16, 24, 28, 53, 61, 62, 78, 88
17, 23, 27, 30, 33, 35, 74, 84, 90, 99
15, 48, 53, 61, 71, 72, 80, 84, 94, 95
20, 22, 36, 45, 52, 58, 60, 65, 73, 90
7, 9, 12, 35, 36, 48, 75, 86, 98, 99
24, 32, 38, 47, 48, 53, 54, 62, 70, 82
2, 3, 4, 7, 8, 12, 13, 24, 43, 77
21, 23, 26, 34, 42, 43, 60, 63, 87, 98
9, 21, 31, 60, 61, 72, 73, 75, 85, 98
2, 21, 37, 55, 64, 71, 82, 92, 97, 99
3, 4, 21, 37, 41, 43, 44, 49, 53, 75
6, 9, 12, 41, 44, 49, 56, 66, 67, 98
1, 9, 34, 47, 59, 76, 78, 83, 85, 92
8, 41, 45, 51, 54, 60, 66, 69, 80, 99
31, 54, 57, 73, 79, 82, 86, 90, 92, 96
14, 45, 46, 47, 52, 68, 72, 90, 93, 95
13, 32, 35, 50, 67, 69, 75, 82, 93, 95
1, 3, 20, 36, 38, 51, 54, 59, 71, 83
7, 8, 12, 20, 40, 49, 64, 73, 75, 99
3, 4, 7, 26, 42, 43, 52, 54, 85, 89
20, 21, 32, 41, 52, 72, 80, 92, 93, 94
6, 13, 22, 23, 27, 30, 38, 53, 71, 93
15, 27, 33, 43, 60, 61, 78, 84, 92, 98
1, 4, 14, 15, 23, 28, 55, 56, 58, 64
12, 15, 16, 34, 35, 44, 72, 73, 82, 87
6, 31, 43, 49, 63, 66, 73, 84, 88, 90
8, 10, 45, 54, 63, 64, 75, 77, 89, 96
1, 10, 12, 27, 54, 62, 67, 80, 91, 100
16, 17, 43, 61, 66, 67, 72, 78, 82, 87
6, 18, 19, 27, 33, 36, 37, 54, 66, 99
26, 29, 33, 59, 65, 73, 75, 83, 90, 97
4, 5, 29, 37, 41, 62, 83, 84, 85, 87
24, 25, 31, 35, 44, 56, 71, 77, 86, 98
4, 12, 13, 23, 48, 62, 70, 77, 78, 100
3, 17, 19, 23, 24, 36, 42, 66, 72, 79
2, 36, 43, 48, 60, 61, 62, 79, 91, 95
4, 34, 38, 58, 60, 62, 65, 71, 79, 100
1, 14, 17, 19, 30, 48, 78, 86, 89, 93
13, 25, 27, 52, 63, 68, 70, 73, 79, 95
1, 2, 6, 13, 19, 26, 33, 38, 45, 54
2, 4, 7, 17, 37, 54, 85, 90, 95, 98
1, 7, 12, 15, 43, 62, 71, 73, 87, 91
13, 14, 38, 41, 47, 57, 58, 76, 86, 92
1, 2, 21, 27, 31, 32, 35, 45, 62, 85
9, 10, 17, 24, 26, 43, 46, 63, 71, 99
1, 18, 33, 37, 52, 66, 71, 84, 87, 96
8, 10, 16, 17, 34, 49, 55, 74, 79, 90
11, 38, 40, 44, 53, 59, 70, 81, 82, 85
43, 45, 49, 65, 66, 73, 86, 88, 93, 95
16, 17, 24, 25, 36, 42, 47, 67, 73, 94
13, 28, 30, 31, 42, 49, 62, 73, 98, 100
15, 28, 32, 34, 42, 54, 78, 93, 94, 95
11, 42, 54, 56, 65, 74, 78, 79, 91, 99
23, 24, 25, 44, 46, 51, 58, 77, 81, 97
13, 20, 23, 25, 26, 28, 44, 64, 89, 91
2, 4, 12, 49, 56, 62, 77, 87, 95, 97
6, 7, 10, 16, 22, 41, 61, 66, 73, 90
10, 27, 31, 48, 58, 67, 71, 77, 78, 87
2, 3, 9, 19, 34, 50, 54, 66, 85, 92
22, 25, 27, 31, 35, 38, 45, 49, 51, 59
6, 10, 21, 25, 26, 32, 52, 55, 59, 70
1, 15, 32, 46, 54, 63, 66, 77, 78, 81
3, 7, 9, 18, 25, 33, 57, 76, 94, 99
6, 12, 50, 66, 76, 77, 95, 98, 99, 100
16, 34, 38, 39, 51, 56, 71, 73, 76, 78
34, 36, 42, 47, 53, 58, 66, 71, 75, 81
2, 17, 29, 30, 38, 46, 49, 72, 79, 98
7, 24, 27, 32, 37, 64, 73, 79, 83, 87
3, 16, 21, 26, 37, 46, 54, 57, 61, 73
4, 6, 7, 24, 31, 48, 50, 63, 98, 100
23, 43, 45, 54, 58, 68, 71, 73, 78, 94
7, 9, 10, 12, 21, 29, 44, 50, 78, 80
12, 23, 28, 32, 33, 64, 70, 80, 84, 96
2, 19, 30, 39, 47, 51, 58, 66, 68, 95
5, 25, 27, 56, 68, 77, 83, 91, 99, 100
1, 21, 24, 27, 31, 34, 35, 47, 67, 75
11, 27, 30, 43, 45, 51, 56, 60, 76, 83
1, 4, 8, 16, 20, 36, 54, 56, 88, 90
20, 22, 24, 27, 51, 57, 66, 79, 83, 90
9, 32, 36, 44, 48, 66, 74, 84, 85, 87
12, 20, 37, 61, 76, 83, 88, 90, 91, 96
5, 16, 30, 31, 35, 36, 64, 78, 87, 93
12, 15, 17, 24, 25, 49, 50, 66, 90, 91
26, 28, 44, 46, 51, 66, 68, 69, 93, 95
26, 30, 46, 64, 66, 71, 84, 91, 93, 97
1, 20, 40, 45, 50, 51, 53, 70, 71, 85
13, 15, 30, 36, 49, 52, 54, 55, 61, 78
7, 26, 28, 36, 77, 78, 83, 98, 99, 100
12, 14, 15, 17, 25, 60, 71, 73, 85, 98
10, 21, 27, 53, 65, 70, 74, 84, 92, 99
1, 2, 7, 20, 30, 44, 54, 67, 85, 95
2, 29, 30, 49, 51, 52, 62, 74, 81, 84
2, 5, 17, 41, 50, 70, 71, 81, 82, 85
3, 5, 12, 22, 31, 73, 75, 91, 96, 98
2, 18, 20, 40, 63, 64, 68, 73, 75, 84
16, 24, 31, 44, 46, 50, 65, 70, 73, 78
4, 9, 37, 48, 62, 65, 72, 79, 80, 84
8, 16, 19, 32, 36, 47, 75, 77, 85, 87
12, 16, 20, 21, 42, 47, 64, 65, 66, 73
8, 13, 20, 27, 62, 90, 91, 96, 97, 100
2, 3, 15, 17, 28, 30, 35, 64, 69, 84
21, 33, 51, 58, 60, 68, 71, 89, 91, 95
2, 6, 10, 14, 30, 38, 39, 60, 78, 100
6, 16, 28, 31, 44, 48, 49, 52, 80, 86
4, 27, 29, 43, 49, 63, 77, 84, 87, 89
1, 11, 30, 37, 57, 70, 73, 88, 99, 100
32, 39, 40, 45, 51, 69, 80, 91, 92, 96
5, 6, 20, 25, 26, 40, 71, 74, 75, 85
11, 18, 25, 36, 47, 60, 62, 63, 89, 100
3, 22, 38, 49, 50, 53, 59, 67, 74, 90
15, 22, 25, 30, 31, 34, 51, 74, 82, 88
5, 9, 30, 31, 34, 39, 65, 67, 81, 84
8, 13, 23, 30, 34, 35, 73, 77, 82, 85
25, 30, 44, 48, 56, 68, 72, 78, 85, 87
13, 36, 40, 41, 44, 58, 66, 72, 75, 96
7, 11, 12, 21, 31, 46, 64, 65, 77, 84
9, 10, 19, 28, 33, 35, 72, 85, 98, 99
20, 36, 49, 52, 69, 74, 75, 83, 99, 100
6, 10, 16, 40, 54, 58, 67, 73, 78, 79
2, 10, 15, 21, 63, 65, 79, 81, 92, 98
2, 4, 15, 23, 26, 37, 46, 48, 65, 81
8, 9, 27, 40, 42, 59, 71, 72, 73, 89
12, 17, 21, 27, 29, 46, 52, 78, 84, 96
3, 7, 16, 24, 40, 47, 67, 74, 80, 91
18, 41, 44, 54, 55, 64, 79, 84, 92, 96
5, 18, 19, 25, 28, 55, 64, 68, 73, 83
2, 5, 12, 27, 39, 50, 53, 65, 68, 93
2, 15, 24, 29, 44, 67, 76, 80, 90, 95
2, 9, 19, 25, 36, 49, 55, 63, 83, 90
1, 2, 18, 25, 49, 55, 58, 61, 64, 92
24, 26, 39, 50, 62, 67, 68, 80, 82, 85
4, 7, 27, 29, 47, 58, 68, 72, 88, 100
19, 20, 21, 28, 29, 51, 56, 65, 67, 69
12, 35, 46, 51, 53, 55, 59, 69, 73, 99
4, 20, 23, 31, 68, 69, 74, 81, 83, 89
8, 21, 22, 51, 62, 74, 79, 80, 88, 95
2, 12, 26, 27, 51, 68, 75, 78, 85, 88
4, 5, 9, 10, 13, 39, 40, 61, 69, 93
13, 19, 30, 33, 36, 62, 65, 71, 83, 92
3, 20, 26, 28, 47, 64, 69, 76, 93, 97
18, 37, 54, 55, 69, 81, 86, 90, 92, 96
13, 24, 26, 32, 42, 58, 73, 78, 87, 100
4, 11, 21, 35, 45, 49, 51, 86, 88, 91
7, 25, 29, 35, 58, 82, 84, 87, 88, 95
1, 8, 12, 16, 19, 27, 38, 47, 59, 80
3, 4, 48, 49, 56, 69, 70, 73, 76, 83
4, 14, 20, 30, 31, 32, 37, 41, 75, 92
7, 9, 23, 24, 43, 49, 50, 70, 82, 93
4, 9, 19, 30, 34, 52, 55, 58, 72, 90
8, 16, 26, 30, 38, 39, 44, 49, 64, 93
6, 14, 15, 17, 20, 39, 42, 70, 76, 99
17, 23, 25, 34, 40, 45, 47, 57, 88, 98
6, 12, 20, 33, 44, 50, 69, 75, 86, 92
12, 18, 27, 30, 55, 59, 61, 80, 88, 94
4, 25, 27, 30, 62, 66, 84, 91, 97, 100
16, 20, 27, 30, 45, 52, 53, 60, 82, 83
8, 21, 28, 31, 37, 48, 52, 54, 69, 85
17, 19, 41, 50, 53, 54, 66, 74, 96, 97
11, 15, 26, 35, 40, 41, 46, 67, 71, 75
2, 5, 10, 14, 28, 43, 70, 77, 99, 100
20, 26, 35, 38, 55, 60, 86, 89, 94, 99
1, 20, 22, 31, 57, 64, 71, 80, 85, 96
1, 11, 18, 23, 25, 33, 38, 42, 67, 95
10, 18, 25, 35, 60, 64, 73, 76, 83, 93
22, 36, 41, 42, 54, 61, 64, 74, 83, 98
9, 14, 24, 35, 39, 40, 47, 57, 61, 89
16, 21, 34, 47, 50, 54, 66, 74, 82, 100
10, 12, 24, 25, 39, 63, 70, 72, 76, 95
6, 8, 32, 34, 65, 70, 72, 81, 97, 100
22, 33, 36, 37, 49, 50, 68, 70, 82, 95
1, 2, 10, 27, 38, 41, 53, 63, 74, 84
2, 32, 42, 51, 63, 65, 82, 89, 97, 98
13, 17, 35, 43, 51, 60, 66, 68, 85, 92
3, 12, 18, 26, 38, 46, 51, 56, 66, 92
6, 8, 29, 30, 46, 69, 74, 83, 96, 98
14, 23, 24, 42, 57, 63, 68, 78, 91, 95
2, 16, 17, 25, 36, 41, 65, 81, 88, 89
8, 9, 13, 53, 55, 67, 81, 91, 93, 97
11, 22, 44, 48, 49, 61, 66, 79, 85, 100
15, 19, 20, 21, 30, 36, 37, 54, 74, 95
9, 25, 30, 37, 39, 64, 90, 93, 95, 96
2, 14, 25, 27, 31, 49, 54, 57, 58, 65
8, 10, 28, 39, 57, 59, 70, 86, 87, 89
8, 12, 14, 18, 24, 35, 66, 84, 91, 95
7, 18, 34, 39, 48, 58, 73, 75, 78, 84
6, 10, 36, 46, 55, 65, 76, 83, 91, 100
11, 14, 15, 19, 21, 23, 33, 36, 38, 97
1, 3, 10, 11, 17, 54, 64, 78, 82, 84
5, 20, 37, 44, 49, 52, 55, 57, 69, 99
5, 9, 33, 49, 54, 57, 61, 65, 86, 90
5, 10, 29, 48, 56, 73, 76, 83, 93, 100
26, 31, 32, 34, 37, 44, 56, 59, 63, 70
20, 23, 29, 44, 48, 65, 77, 78, 83, 86
21, 24, 28, 34, 45, 48, 67, 82, 88, 95
9, 13, 34, 43, 69, 76, 77, 82, 86, 99
23, 40, 47, 63, 65, 74, 84, 88, 93, 96
1, 9, 16, 19, 21, 57, 77, 84, 86, 97
21, 25, 36, 38, 39, 48, 73, 78, 79, 95
11, 19, 25, 32, 42, 43, 56, 70, 83, 100
5, 14, 28, 34, 38, 40, 60, 63, 80, 85
13, 20, 33, 49, 51, 65, 77, 80, 90, 97
3, 6, 16, 18, 22, 25, 51, 67, 95, 99
15, 18, 39, 53, 68, 69, 78, 88, 90, 95
4, 7, 31, 48, 71, 76, 89, 91, 92, 96
3, 10, 20, 30, 34, 38, 75, 77, 78, 85
46, 53, 58, 59, 62, 73, 81, 86, 98, 100
13, 15, 30, 53, 57, 62, 63, 77, 83, 86
2, 6, 20, 31, 34, 38, 55, 66, 88, 89
3, 22, 30, 34, 58, 59, 70, 74, 87, 94
15, 26, 28, 29, 38, 41, 43, 60, 94, 98
6, 26, 40, 54, 56, 60, 61, 68, 73, 95
1, 6, 17, 27, 29, 48, 72, 74, 82, 95
17, 31, 34, 46, 57, 61, 72, 73, 79, 91
27, 55, 58, 59, 62, 74, 75, 80, 86, 94
5, 16, 17, 30, 35, 46, 49, 53, 56, 91
7, 22, 33, 46, 64, 74, 76, 79, 86, 89
14, 24, 31, 32, 36, 60, 61, 62, 63, 90
9, 47, 50, 55, 56, 65, 72, 75, 97, 100
14, 19, 30, 33, 43, 53, 57, 59, 72, 86
9, 10, 22, 31, 38, 42, 51, 77, 93, 96
2, 24, 42, 51, 55, 64, 74, 87, 89, 90
38, 41, 52, 65, 69, 73, 75, 77, 84, 98
6, 16, 26, 43, 59, 63, 70, 74, 95, 96
2, 14, 15, 26, 31, 51, 56, 57, 94, 100
5, 10, 17, 18, 48, 53, 56, 70, 91, 99
9, 52, 53, 69, 71, 73, 81, 83, 93, 99
17, 22, 37, 61, 63, 76, 77, 83, 88, 92
5, 8, 24, 42, 44, 48, 54, 56, 82, 96
5, 31, 39, 47, 48, 63, 64, 68, 70, 76
2, 26, 32, 33, 36, 39, 42, 67, 78, 79
2, 3, 38, 54, 59, 61, 67, 80, 83, 96
1, 7, 16, 35, 39, 49, 57, 59, 65, 98
6, 29, 33, 46, 50, 59, 66, 71, 82, 93
6, 13, 21, 40, 48, 51, 58, 61, 82, 94
12, 21, 22, 27, 28, 29, 36, 42, 92, 100
9, 37, 51, 57, 62, 65, 87, 90, 95, 100
11, 19, 27, 29, 44, 46, 48, 63, 69, 94
4, 36, 39, 51, 53, 58, 59, 62, 73, 76
18, 24, 25, 50, 59, 60, 79, 84, 88, 95
5, 13, 17, 29, 35, 37, 38, 46, 76, 98
1, 11, 24, 52, 54, 57, 66, 86, 88, 94
26, 34, 35, 39, 51, 72, 75, 86, 96, 99
1, 11, 12, 27, 28, 33, 34, 37, 54, 84
5, 23, 24, 26, 57, 66, 67, 70, 74, 82
4, 42, 44, 47, 50, 51, 53, 85, 89, 99
20, 33, 41, 45, 47, 65, 66, 78, 93, 98
4, 23, 26, 30, 34, 37, 54, 61, 73, 78
7, 14, 16, 26, 29, 30, 40, 61, 65, 79
12, 31, 39, 40, 48, 87, 88, 92, 96, 97
2, 14, 22, 38, 59, 64, 68, 70, 91, 93
4, 9, 30, 32, 45, 54, 62, 64, 71, 97
6, 11, 21, 25, 34, 42, 52, 56, 69, 98
4, 9, 26, 30, 49, 60, 61, 66, 73, 97
18, 26, 27, 32, 47, 66, 75, 84, 91, 100
14, 35, 46, 49, 58, 60, 66, 86, 87, 93
10, 18, 19, 23, 30, 46, 56, 57, 61, 99
6, 15, 46, 49, 51, 54, 60, 62, 68, 82
3, 12, 20, 26, 28, 49, 54, 72, 78, 95
17, 29, 33, 41, 58, 60, 81, 82, 86, 97
3, 23, 31, 40, 50, 65, 66, 67, 85, 97
13, 31, 38, 40, 42, 47, 57, 83, 86, 99
10, 18, 25, 30, 34, 54, 75, 79, 83, 95
17, 20, 39, 43, 57, 60, 61, 76, 77, 83
11, 12, 17, 66, 67, 72, 79, 83, 94, 96
1, 30, 34, 53, 66, 69, 73, 76, 84, 99
7, 10, 43, 44, 45, 56, 69, 76, 90, 99
54, 59, 61, 62, 67, 70, 75, 86, 91, 95
4, 11, 23, 28, 37, 41, 48, 78, 79, 86
6, 18, 28, 37, 42, 68, 80, 81, 88, 89
26, 31, 38, 47, 54, 57, 61, 76, 77, 95
11, 20, 26, 33, 45, 46, 47, 59, 67, 68
3, 11, 14, 15, 47, 51, 62, 69, 77, 90
10, 12, 30, 47, 48, 54, 56, 64, 79, 98
10, 19, 30, 32, 35, 36, 40, 44, 84, 97
4, 25, 29, 54, 56, 73, 74, 84, 91, 96
13, 19, 27, 37, 43, 46, 57, 71, 73, 91
3, 6, 8, 36, 41, 66, 76, 78, 81, 100
10, 20, 24, 26, 66, 73, 77, 85, 92, 100
23, 31, 37, 38, 51, 57, 68, 70, 80, 82
9, 10, 13, 26, 44, 45, 47, 79, 82, 88
11, 59, 65, 69, 77, 78, 79, 91, 98, 99
3, 8, 26, 35, 37, 40, 54, 66, 85, 86
6, 8, 23, 35, 44, 46, 51, 70, 80, 95
9, 17, 25, 30, 32, 41, 51, 54, 71, 93
13, 22, 38, 47, 62, 63, 70, 72, 77, 83
8, 43, 53, 54, 57, 67, 71, 78, 91, 92
3, 19, 26, 29, 30, 43, 45, 48, 75, 88
6, 15, 17, 30, 33, 40, 43, 60, 67, 77
10, 20, 34, 50, 59, 65, 92, 95, 97, 99
18, 28, 32, 33, 34, 36, 37, 50, 62, 75
13, 28, 31, 56, 60, 61, 66, 67, 87, 90
1, 28, 37, 47, 48, 67, 75, 76, 83, 85
14, 27, 53, 55, 73, 86, 87, 91, 92, 97
10, 12, 17, 36, 41, 44, 54, 55, 65, 92
3, 10, 13, 27, 33, 69, 79, 84, 89, 94
7, 25, 49, 65, 68, 71, 77, 91, 95, 96
3, 8, 9, 33, 42, 54, 83, 89, 91, 94
4, 8, 20, 30, 31, 38, 45, 73, 99, 100
9, 11, 19, 21, 22, 27, 58, 75, 87, 90
1, 22, 30, 49, 56, 59, 73, 74, 86, 89
4, 6, 35, 37, 41, 54, 57, 65, 86, 89
1, 39, 42, 46, 56, 57, 74, 84, 91, 92
2, 10, 17, 26, 29, 35, 56, 60, 73, 81
24, 33, 42, 43, 69, 70, 79, 93, 98, 100
12, 26, 30, 40, 42, 47, 51, 53, 54, 67
10, 22, 31, 32, 46, 58, 75, 81, 84, 85
8, 18, 26, 29, 35, 69, 74, 82, 95, 96
13, 17, 22, 25, 57, 61, 63, 71, 79, 99
8, 19, 24, 36, 42, 49, 73, 79, 91, 96
9, 10, 19, 20, 21, 63, 64, 77, 83, 84
13, 21, 23, 24, 27, 53, 58, 63, 88, 95
9, 13, 32, 33, 46, 49, 50, 51, 75, 84
4, 7, 26, 27, 29, 35, 53, 75, 77, 78
1, 2, 11, 17, 23, 28, 54, 73, 85, 99
4, 36, 44, 79, 82, 85, 86, 89, 91, 96
5, 12, 17, 18, 30, 32, 43, 76, 88, 93
1, 16, 18, 19, 31, 46, 57, 70, 75, 84
9, 14, 34, 55, 72, 76, 80, 84, 86, 92
9, 15, 23, 24, 31, 65, 72, 77, 84, 100
2, 8, 17, 25, 32, 34, 38, 51, 72, 93
3, 5, 14, 23, 24, 69, 84, 90, 99, 100
34, 36, 50, 62, 63, 75, 80, 84, 87, 94
2, 7, 34, 36, 54, 64, 67, 75, 77, 88
26, 28, 33, 43, 54, 73, 80, 88, 92, 98
19, 55, 63, 65, 72, 74, 86, 88, 89, 98
5, 24, 34, 40, 45, 60, 77, 89, 91, 96
1, 2, 7, 10, 20, 37, 47, 65, 68, 89
19, 43, 50, 54, 57, 59, 92, 94, 96, 100
12, 23, 29, 34, 48, 59, 66, 89, 95, 96
12, 14, 27, 32, 53, 64, 66, 72, 82, 100
4, 17, 46, 47, 60, 62, 64, 65, 70, 72
1, 19, 22, 42, 43, 50, 54, 62, 63, 78
4, 6, 24, 25, 57, 78, 85, 94, 95, 98
2, 8, 17, 32, 49, 56, 73, 75, 85, 92
4, 8, 10, 22, 27, 36, 47, 50, 54, 88
2, 3, 11, 32, 36, 47, 66, 84, 94, 95
4, 11, 42, 54, 55, 62, 79, 87, 91, 97
9, 12, 15, 27, 35, 47, 54, 74, 94, 95
20, 22, 36, 49, 53, 55, 57, 74, 88, 90
8, 17, 21, 40, 43, 44, 67, 70, 93, 94
1, 14, 20, 38, 40, 49, 53, 61, 74, 91
5, 8, 11, 30, 34, 45, 73, 79, 82, 95
7, 13, 19, 31, 53, 59, 63, 79, 83, 85
15, 35, 39, 51, 54, 71, 79, 87, 88, 95
7, 27, 39, 57, 58, 68, 76, 80, 87, 96
13, 14, 38, 47, 56, 57, 62, 64, 67, 90
6, 12, 22, 31, 40, 43, 52, 61, 64, 87
21, 26, 37, 38, 50, 66, 69, 84, 93, 100
7, 31, 37, 40, 43, 54, 60, 63, 81, 96
18, 28, 33, 39, 45, 56, 74, 79, 89, 91
4, 11, 29, 49, 51, 62, 65, 79, 91, 100
16, 28, 29, 42, 59, 63, 74, 81, 86, 99
24, 29, 30, 45, 64, 73, 75, 93, 95, 99
5, 24, 26, 27, 48, 52, 65, 72, 80, 92
2, 6, 11, 43, 71, 83, 91, 93, 96, 99
3, 4, 11, 22, 24, 33, 35, 54, 77, 86
7, 24, 32, 34, 38, 56, 59, 72, 88, 97
2, 17, 36, 46, 53, 63, 68, 74, 79, 95
15, 16, 21, 23, 26, 41, 44, 61, 82, 92
15, 38, 41, 42, 49, 50, 55, 57, 86, 93
3, 4, 11, 20, 26, 31, 35, 55, 74, 80
5, 19, 24, 46, 48, 50, 73, 76, 90, 98
4, 9, 11, 13, 14, 17, 53, 56, 79, 95
5, 15, 21, 23, 27, 62, 71, 81, 86, 94
9, 37, 41, 60, 73, 87, 89, 90, 91, 96
20, 26, 29, 34, 36, 53, 55, 56, 92, 93
7, 22, 37, 41, 48, 53, 54, 55, 70, 93
14, 25, 30, 39, 42, 48, 64, 71, 74, 87
11, 12, 56, 59, 68, 71, 72, 81, 85, 92
2, 4, 19, 25, 33, 59, 63, 78, 86, 96
20, 37, 38, 44, 50, 57, 58, 60, 65, 89
4, 8, 14, 39, 63, 68, 76, 83, 97, 99
2, 4, 9, 11, 39, 45, 55, 56, 80, 99
4, 6, 19, 27, 31, 49, 52, 63, 65, 97
14, 19, 23, 24, 31, 41, 58, 62, 74, 84
14, 17, 24, 30, 33, 36, 79, 84, 98, 99
15, 31, 34, 41, 46, 71, 72, 86, 87, 100
13, 19, 31, 39, 45, 55, 59, 65, 83, 92
12, 16, 44, 47, 67, 70, 73, 74, 81, 88
10, 16, 29, 35, 36, 46, 58, 71, 73, 98
2, 14, 20, 28, 31, 36, 44, 51, 53, 81
2, 9, 14, 20, 21, 28, 45, 58, 64, 99
2, 7, 14, 26, 50, 60, 76, 95, 98, 100
9, 10, 19, 58, 69, 77, 79, 82, 85, 97
8, 17, 18, 38, 47, 62, 65, 83, 90, 94
2, 4, 24, 33, 39, 42, 44, 59, 62, 82
10, 11, 22, 25, 27, 42, 43, 57, 83, 91
10, 38, 45, 49, 57, 59, 62, 75, 76, 95
11, 18, 26, 52, 77, 78, 80, 81, 83, 97
12, 29, 35, 36, 44, 64, 68, 85, 87, 93
12, 17, 22, 36, 40, 56, 60, 70, 81, 95
14, 21, 23, 26, 28, 35, 41, 65, 73, 80
3, 18, 26, 39, 51, 57, 60, 78, 87, 92
1, 3, 11, 13, 14, 22, 46, 63, 80, 89
41, 48, 66, 67, 68, 69, 70, 87, 89, 90
3, 10, 13, 35, 39, 47, 63, 69, 94, 98
3, 7, 12, 16, 28, 42, 44, 48, 71, 86
1, 6, 40, 78, 79, 80, 81, 86, 93, 99
1, 7, 33, 38, 42, 44, 67, 83, 84, 87
9, 16, 56, 58, 62, 63, 74, 77, 83, 90
24, 31, 32, 35, 53, 67, 76, 83, 90, 99
6, 20, 22, 40, 48, 51, 73, 90, 95, 97
7, 21, 36, 41, 52, 61, 65, 85, 91, 98
12, 14, 17, 21, 30, 34, 59, 76, 84, 98
3, 14, 21, 24, 28, 37, 51, 62, 63, 86
4, 17, 32, 34, 38, 56, 60, 64, 74, 77
10, 24, 26, 41, 44, 56, 59, 68, 70, 91
1, 12, 16, 17, 39, 51, 72, 74, 85, 100
1, 17, 21, 24, 40, 53, 55, 59, 84, 90
5, 6, 9, 37, 55, 70, 77, 81, 90, 99
10, 18, 33, 44, 46, 47, 68, 72, 81, 85
5, 14, 38, 42, 67, 69, 79, 93, 99, 100
7, 23, 34, 35, 45, 49, 50, 73, 74, 79
16, 21, 26, 29, 34, 44, 51, 65, 82, 93
11, 15, 16, 61, 65, 66, 70, 80, 90, 92
6, 11, 17, 21, 24, 29, 46, 60, 75, 95
7, 11, 12, 13, 14, 29, 42, 80, 88, 98
4, 22, 33, 57, 61, 73, 77, 83, 85, 89
39, 49, 50, 66, 67, 74, 76, 81, 95, 99
5, 14, 24, 28, 30, 65, 89, 90, 91, 94
7, 18, 28, 34, 36, 56, 64, 78, 87, 93
45, 46, 47, 51, 59, 69, 83, 86, 93, 96
5, 32, 62, 63, 75, 80, 83, 84, 85, 94
1, 4, 8, 18, 41, 45, 78, 79, 87, 98
6, 21, 27, 44, 50, 66, 75, 77, 89, 92
2, 32, 38, 57, 58, 67, 68, 73, 85, 89
5, 16, 32, 43, 48, 63, 72, 77, 89, 95
4, 18, 20, 26, 42, 53, 69, 82, 83, 96
2, 11, 17, 42, 58, 73, 74, 79, 85, 94
1, 5, 10, 19, 37, 38, 51, 52, 66, 72
16, 23, 25, 32, 46, 55, 58, 73, 96, 98
33, 40, 44, 46, 63, 67, 88, 90, 96, 100
11, 16, 32, 35, 36, 47, 49, 75, 76, 96
1, 8, 16, 32, 47, 55, 62, 81, 86, 89
13, 33, 36, 38, 65, 70, 75, 89, 99, 100
3, 20, 23, 37, 44, 51, 69, 76, 78, 96
15, 16, 31, 32, 44, 58, 74, 75, 82, 90
11, 36, 37, 43, 65, 71, 75, 77, 94, 96
16, 20, 27, 29, 40, 44, 67, 77, 79, 83
4, 30, 39, 41, 59, 66, 69, 75, 83, 96
22, 25, 35, 37, 42, 44, 67, 75, 77, 95
15, 34, 38, 40, 42, 43, 64, 76, 88, 89
33, 36, 51, 52, 54, 58, 60, 62, 79, 88
22, 34, 44, 52, 59, 63, 65, 72, 73, 74
9, 28, 48, 51, 64, 68, 82, 88, 91, 99
7, 19, 27, 37, 41, 44, 45, 74, 80, 91
8, 14, 20, 42, 45, 50, 63, 65, 87, 96
3, 21, 25, 28, 50, 56, 74, 76, 91, 93
14, 43, 51, 56, 58, 59, 67, 80, 82, 92
31, 33, 35, 47, 54, 59, 74, 90, 94, 96
22, 43, 44, 45, 46, 61, 73, 92, 98, 99
16, 19, 26, 32, 33, 39, 63, 74, 76, 97
7, 11, 38, 43, 44, 57, 70, 71, 74, 80
1, 4, 39, 40, 64, 67, 68, 72, 85, 97
1, 11, 16, 35, 40, 51, 55, 57, 91, 94
3, 4, 37, 48, 49, 55, 57, 78, 95, 99
7, 48, 49, 76, 85, 86, 89, 95, 96, 98
4, 26, 38, 50, 65, 66, 72, 74, 89, 94
6, 14, 20, 35, 43, 45, 63, 72, 74, 84
10, 22, 28, 34, 49, 60, 62, 67, 84, 96
10, 21, 24, 30, 39, 46, 48, 51, 86, 95
4, 12, 17, 33, 42, 46, 52, 56, 62, 64
6, 7, 9, 20, 23, 30, 34, 46, 83, 84
2, 11, 24, 30, 65, 70, 75, 84, 85, 98
7, 14, 15, 19, 21, 29, 57, 86, 89, 97
6, 16, 28, 36, 50, 59, 61, 63, 86, 98
1, 9, 17, 23, 34, 73, 77, 83, 89, 91
26, 30, 37, 39, 41, 66, 72, 74, 82, 96
16, 27, 28, 36, 45, 55, 65, 76, 80, 96
4, 5, 34, 46, 60, 69, 71, 74, 77, 91
7, 15, 16, 18, 38, 58, 66, 71, 80, 86
6, 8, 22, 26, 60, 74, 86, 88, 89, 99
14, 31, 39, 45, 61, 72, 75, 84, 93, 96
3, 20, 23, 36, 40, 46, 57, 75, 95, 99
4, 9, 17, 30, 43, 61, 66, 72, 80, 91
4, 20, 25, 27, 28, 49, 54, 64, 86, 99
9, 15, 37, 40, 54, 58, 67, 68, 73, 79
17, 27, 40, 58, 63, 67, 73, 76, 85, 91
11, 12, 21, 34, 71, 76, 81, 88, 91, 95
11, 24, 42, 53, 59, 63, 64, 67, 92, 100
6, 27, 30, 35, 47, 59, 65, 69, 97, 99
3, 13, 21, 22, 45, 46, 49, 71, 73, 81
20, 35, 41, 58, 63, 64, 72, 75, 82, 95
26, 37, 40, 54, 66, 71, 72, 75, 81, 87
14, 25, 27, 42, 46, 55, 66, 72, 84, 90
12, 17, 21, 23, 48, 74, 82, 84, 97, 100
6, 23, 28, 49, 53, 57, 81, 82, 92, 94
3, 11, 29, 30, 48, 50, 63, 64, 66, 89
3, 7, 14, 21, 33, 47, 61, 68, 77, 94
3, 5, 12, 14, 22, 35, 36, 75, 76, 93
36, 37, 48, 50, 63, 78, 82, 83, 98, 99
3, 5, 34, 42, 50, 79, 83, 85, 91, 99
2, 10, 44, 46, 54, 58, 60, 85, 89, 97
10, 11, 16, 17, 24, 39, 46, 53, 58, 96
21, 28, 33, 37, 44, 48, 53, 65, 70, 71
40, 46, 47, 55, 57, 81, 83, 84, 92, 100
5, 7, 16, 17, 36, 45, 58, 67, 79, 86
28, 34, 40, 43, 46, 61, 65, 75, 76, 85
6, 16, 43, 52, 55, 58, 73, 86, 92, 94
2, 4, 43, 44, 52, 76, 78, 80, 87, 91
4, 5, 9, 20, 62, 63, 69, 70, 80, 91
6, 20, 35, 36, 54, 60, 82, 83, 89, 98
4, 7, 21, 28, 73, 83, 92, 93, 94, 96
21, 38, 42, 45, 49, 56, 64, 78, 85, 94
13, 38, 45, 70, 73, 77, 79, 87, 98, 100
15, 22, 24, 35, 66, 67, 74, 81, 93, 98
1, 4, 15, 16, 43, 45, 54, 73, 89, 96
7, 18, 40, 46, 56, 60, 66, 72, 92, 94
5, 11, 23, 36, 42, 47, 56, 70, 71, 94
3, 9, 27, 36, 40, 44, 49, 54, 63, 98
6, 28, 33, 34, 35, 47, 64, 82, 85, 91
4, 12, 35, 57, 62, 82, 90, 94, 98, 100
10, 11, 14, 37, 56, 57, 65, 72, 75, 88
9, 14, 24, 30, 32, 35, 40, 42, 57, 60
5, 7, 27, 33, 42, 60, 63, 65, 67, 83
8, 9, 22, 29, 44, 57, 63, 70, 80, 87
23, 25, 30, 31, 32, 40, 55, 62, 63, 96
2, 10, 36, 39, 50, 70, 75, 77, 98, 100
9, 11, 19, 34, 40, 41, 45, 52, 57, 67
16, 23, 24, 26, 56, 58, 64, 68, 72, 97
24, 46, 47, 61, 62, 73, 85, 90, 96, 97
1, 2, 3, 10, 20, 26, 44, 53, 54, 71
8, 9, 18, 43, 49, 62, 69, 73, 77, 90
12, 19, 28, 44, 67, 71, 78, 84, 96, 99
18, 25, 30, 41, 49, 55, 59, 66, 68, 77
4, 15, 16, 33, 34, 46, 75, 82, 85, 99
9, 11, 31, 36, 41, 47, 58, 62, 69, 71
3, 4, 29, 31, 35, 36, 65, 69, 73, 79
7, 16, 27, 37, 48, 52, 62, 81, 85, 90
1, 3, 9, 24, 41, 44, 46, 76, 81, 96
8, 11, 14, 20, 33, 52, 53, 54, 65, 95
2, 5, 19, 23, 37, 64, 83, 93, 94, 99
2, 10, 23, 44, 55, 56, 61, 93, 94, 100
1, 5, 27, 28, 79, 85, 91, 92, 94, 96
5, 24, 30, 37, 41, 62, 64, 66, 83, 88
13, 14, 29, 38, 42, 45, 47, 81, 90, 91
19, 40, 51, 55, 56, 66, 74, 83, 89, 95
8, 11, 21, 50, 58, 63, 66, 72, 80, 84
2, 15, 19, 22, 32, 37, 39, 47, 63, 66
2, 7, 17, 29, 50, 65, 75, 80, 81, 83
23, 33, 42, 69, 74, 77, 78, 89, 93, 97
14, 20, 22, 37, 43, 48, 76, 82, 83, 92
3, 8, 22, 23, 30, 39, 60, 80, 84, 93
22, 33, 43, 48, 49, 54, 70, 71, 80, 81
5, 8, 24, 31, 35, 42, 47, 73, 83, 86
14, 23, 42, 56, 73, 76, 88, 97, 98, 100
1, 7, 27, 37, 38, 47, 65, 80, 83, 99
1, 5, 6, 16, 33, 49, 67, 70, 86, 92
8, 22, 30, 33, 37, 41, 43, 53, 62, 69
8, 16, 27, 29, 41, 42, 53, 60, 91, 100
4, 8, 9, 16, 22, 43, 50, 61, 77, 93
1, 36, 47, 52, 55, 71, 76, 80, 84, 87
21, 46, 48, 60, 63, 69, 82, 87, 92, 93
12, 15, 20, 21, 43, 45, 63, 78, 96, 98
6, 26, 29, 41, 44, 47, 71, 85, 93, 99
3, 7, 15, 33, 38, 40, 48, 50, 72, 87
4, 7, 14, 16, 23, 41, 56, 63, 65, 89
2, 6, 16, 21, 40, 64, 67, 87, 88, 90
9, 12, 28, 66, 68, 69, 72, 79, 82, 93
3, 5, 20, 22, 25, 29, 58, 69, 93, 98
5, 10, 39, 41, 42, 45, 55, 57, 73, 91
12, 13, 16, 33, 49, 66, 73, 76, 91, 92
1, 8, 17, 27, 32, 50, 61, 66, 90, 100
8, 9, 15, 22, 34, 58, 61, 62, 70, 86
9, 20, 25, 26, 42, 49, 63, 73, 81, 100
4, 8, 10, 14, 49, 50, 61, 68, 70, 96
6, 33, 53, 74, 80, 82, 87, 90, 97, 98
9, 13, 36, 41, 51, 57, 77, 83, 86, 95
16, 20, 24, 48, 56, 58, 70, 81, 88, 93
1, 28, 35, 64, 70, 77, 86, 89, 90, 93
8, 10, 18, 39, 54, 61, 66, 69, 78, 100
10, 15, 38, 57, 59, 65, 71, 82, 93, 98
16, 21, 26, 31, 40, 48, 66, 88, 94, 96
4, 30, 45, 54, 57, 62, 67, 74, 80, 91
26, 41, 44, 58, 62, 65, 72, 74, 89, 100
6, 11, 29, 32, 47, 51, 53, 54, 82, 86
23, 34, 47, 57, 67, 72, 76, 80, 91, 95
2, 4, 17, 21, 35, 40, 51, 77, 81, 82
17, 21, 43, 47, 49, 50, 53, 57, 61, 92
4, 21, 23, 38, 53, 75, 82, 87, 96, 98
2, 5, 14, 15, 32, 34, 42, 60, 81, 91
9, 11, 23, 45, 54, 57, 63, 64, 78, 89
4, 7, 23, 29, 47, 52, 64, 66, 72, 89
35, 36, 44, 46, 55, 57, 67, 68, 79, 85
2, 3, 5, 32, 33, 36, 43, 51, 55, 61
11, 13, 20, 48, 50, 53, 59, 64, 67, 79
7, 8, 17, 27, 40, 48, 61, 65, 76, 77
2, 19, 34, 50, 76, 77, 78, 87, 92, 93
2, 32, 34, 66, 67, 73, 74, 79, 88, 97
2, 9, 35, 36, 41, 59, 63, 74, 82, 86
6, 15, 30, 35, 41, 42, 44, 66, 84, 89
14, 16, 19, 21, 22, 31, 51, 73, 94, 96
3, 14, 22, 24, 34, 61, 67, 80, 85, 97
5, 18, 36, 38, 45, 49, 52, 60, 66, 82
17, 31, 42, 48, 53, 78, 82, 87, 89, 100
1, 4, 10, 18, 20, 33, 37, 39, 47, 58
5, 11, 22, 26, 27, 29, 63, 83, 91, 96
2, 8, 18, 23, 65, 66, 75, 88, 96, 97
10, 17, 36, 48, 51, 53, 56, 59, 70, 94
17, 21, 28, 38, 43, 52, 55, 57, 72, 98
20, 24, 25, 30, 42, 59, 61, 71, 81, 89
8, 32, 33, 37, 46, 52, 73, 76, 97, 100
11, 22, 29, 32, 49, 63, 64, 71, 86, 92
13, 16, 38, 56, 62, 67, 71, 72, 78, 84
8, 11, 34, 39, 52, 58, 60, 74, 82, 87
1, 19, 20, 23, 26, 33, 37, 44, 74, 100
4, 8, 13, 14, 25, 47, 74, 78, 79, 81
9, 11, 16, 19, 21, 22, 34, 46, 75, 87
8, 9, 12, 20, 30, 33, 50, 67, 68, 90
13, 14, 22, 42, 51, 70, 77, 91, 97, 99
1, 5, 10, 39, 45, 61, 65, 67, 71, 96
1, 8, 9, 10, 20, 42, 48, 80, 87, 95
4, 15, 19, 42, 45, 58, 80, 82, 84, 86
2, 12, 33, 38, 54, 61, 71, 82, 89, 99
2, 8, 23, 24, 53, 66, 67, 69, 73, 92
7, 29, 30, 31, 41, 48, 61, 74, 86, 94
20, 26, 27, 30, 31, 34, 38, 69, 72, 83
1, 10, 18, 41, 48, 50, 61, 70, 77, 82
13, 18, 26, 35, 36, 38, 73, 87, 89, 93
11, 18, 23, 25, 36, 37, 43, 54, 86, 95
14, 29, 31, 48, 49, 51, 72, 83, 91, 98
2, 21, 26, 42, 44, 45, 89, 94, 95, 96
5, 6, 26, 40, 42, 49, 70, 80, 85, 87
18, 29, 33, 36, 40, 49, 65, 75, 83, 86
2, 8, 45, 50, 52, 57, 61, 86, 87, 94
16, 28, 31, 36, 37, 48, 49, 51, 68, 97
3, 5, 10, 25, 30, 32, 49, 56, 66, 70
8, 13, 25, 49, 50, 63, 73, 74, 85, 94
1, 11, 14, 34, 39, 41, 46, 47, 70, 86
7, 20, 31, 35, 54, 68, 73, 80, 90, 100
2, 14, 17, 39, 46, 50, 53, 55, 63, 100
4, 37, 41, 43, 52, 55, 70, 92, 93, 96
3, 38, 47, 49, 67, 73, 76, 88, 89, 100
3, 18, 35, 42, 53, 71, 75, 91, 93, 100
14, 19, 21, 22, 23, 33, 62, 74, 80, 84
3, 16, 26, 27, 31, 43, 45, 52, 71, 82
2, 7, 11, 26, 48, 55, 61, 71, 73, 87
13, 20, 23, 25, 31, 45, 46, 58, 65, 93
1, 14, 17, 19, 22, 46, 58, 60, 88, 90
14, 18, 21, 28, 31, 40, 60, 68, 70, 98
4, 6, 9, 10, 24, 31, 40, 63, 88, 97
16, 37, 49, 63, 71, 82, 83, 84, 90, 96
2, 8, 10, 24, 35, 36, 48, 65, 91, 93
8, 11, 12, 21, 28, 49, 53, 56, 65, 80
17, 25, 29, 39, 42, 43, 49, 56, 65, 93
13, 20, 33, 46, 51, 69, 72, 87, 94, 98
6, 11, 20, 45, 46, 51, 58, 60, 63, 68
10, 32, 36, 40, 58, 60, 75, 79, 84, 90
2, 10, 22, 32, 43, 49, 64, 77, 80, 82
6, 8, 27, 57, 69, 73, 75, 93, 96, 99
9, 34, 36, 43, 44, 50, 57, 65, 81, 85
7, 22, 29, 38, 39, 41, 42, 62, 77, 78
34, 40, 41, 43, 55, 64, 65, 78, 79, 86
7, 8, 26, 33, 34, 41, 48, 50, 93, 97
9, 15, 19, 33, 44, 54, 55, 57, 81, 98
1, 3, 14, 30, 45, 52, 53, 57, 63, 70
3, 8, 35, 39, 45, 53, 60, 84, 91, 95
12, 13, 24, 30, 53, 65, 75, 77, 79, 100
2, 16, 28, 54, 66, 81, 87, 88, 96, 99
14, 37, 39, 40, 43, 49, 73, 86, 89, 97
10, 17, 21, 38, 49, 50, 56, 62, 71, 75
1, 5, 16, 26, 46, 52, 68, 80, 83, 91
1, 7, 29, 47, 61, 71, 73, 79, 93, 96
8, 14, 27, 30, 32, 38, 68, 72, 84, 89
8, 17, 23, 35, 47, 70, 71, 88, 95, 96
9, 26, 42, 44, 45, 49, 63, 78, 84, 85
16, 20, 22, 24, 33, 53, 62, 74, 79, 93
15, 16, 21, 43, 44, 55, 61, 70, 74, 91
8, 18, 19, 48, 51, 62, 67, 79, 90, 95
14, 24, 51, 59, 72, 81, 83, 91, 93, 99
12, 21, 24, 34, 53, 58, 61, 75, 81, 92
20, 27, 36, 45, 56, 77, 86, 87, 93, 99
4, 23, 30, 32, 35, 49, 74, 88, 90, 97
1, 10, 13, 14, 19, 44, 50, 52, 61, 69
19, 43, 47, 54, 58, 69, 76, 88, 92, 94
4, 19, 21, 24, 30, 47, 60, 66, 74, 97
25, 29, 38, 50, 52, 53, 74, 85, 91, 94
22, 42, 56, 60, 66, 73, 77, 85, 90, 96
2, 13, 17, 19, 25, 30, 35, 47, 87, 95
14, 17, 29, 44, 61, 67, 72, 74, 81, 86
10, 47, 48, 63, 64, 76, 79, 80, 97, 100
5, 8, 21, 28, 37, 38, 75, 81, 87, 88
3, 14, 20, 26, 29, 32, 45, 50, 77, 82
2, 32, 41, 60, 66, 75, 83, 94, 99, 100
11, 16, 26, 34, 36, 43, 52, 63, 69, 94
22, 23, 28, 29, 42, 43, 62, 72, 93, 98
2, 4, 8, 28, 41, 57, 60, 83, 94, 97
2, 14, 19, 35, 36, 41, 48, 64, 80, 84
6, 17, 35, 43, 49, 59, 67, 77, 88, 94
7, 10, 33, 38, 39, 41, 47, 49, 77, 94
6, 13, 42, 46, 58, 67, 71, 74, 84, 94
11, 28, 30, 35, 40, 41, 54, 63, 67, 81
11, 14, 20, 37, 40, 52, 65, 68, 98, 100
12, 18, 31, 41, 44, 61, 66, 67, 76, 92
18, 23, 44, 58, 71, 73, 76, 81, 82, 94
8, 9, 13, 29, 37, 41, 52, 64, 89, 98
35, 44, 58, 73, 76, 78, 79, 87, 89, 97
17, 34, 38, 49, 52, 75, 78, 80, 82, 95
5, 14, 20, 26, 27, 68, 69, 74, 93, 95
9, 14, 22, 23, 47, 57, 69, 83, 94, 96
2, 9, 15, 16, 26, 29, 30, 46, 89, 99
3, 13, 21, 40, 46, 55, 67, 73, 78, 95
17, 27, 42, 43, 49, 75, 83, 90, 96, 99
7, 18, 35, 41, 84, 86, 88, 94, 95, 98
11, 14, 17, 27, 40, 59, 68, 73, 81, 84
7, 21, 25, 33, 60, 66, 82, 86, 95, 96
16, 22, 27, 28, 33, 34, 63, 66, 70, 81
3, 6, 7, 12, 26, 40, 44, 75, 88, 100
8, 21, 33, 34, 39, 49, 56, 70, 79, 98
3, 4, 17, 37, 41, 49, 57, 58, 63, 86
6, 28, 30, 44, 51, 64, 73, 91, 95, 100
4, 31, 40, 47, 56, 70, 73, 82, 89, 100
11, 14, 19, 34, 40, 57, 60, 70, 93, 98
2, 32, 55, 65, 68, 71, 72, 81, 93, 97
25, 27, 28, 33, 34, 64, 65, 79, 80, 99
28, 43, 48, 49, 54, 61, 70, 86, 90, 92
12, 23, 25, 43, 59, 66, 68, 69, 73, 91
15, 21, 60, 63, 71, 76, 85, 87, 93, 96
13, 31, 37, 42, 52, 53, 74, 76, 84, 90
11, 12, 17, 24, 33, 59, 76, 80, 84, 95
7, 9, 11, 29, 36, 39, 42, 51, 58, 70
1, 6, 29, 43, 66, 68, 75, 95, 97, 99
9, 14, 17, 18, 32, 36, 49, 59, 83, 89
1, 4, 10, 15, 36, 41, 43, 59, 64, 68
8, 24, 47, 71, 84, 87, 89, 91, 94, 95
17, 34, 38, 43, 50, 53, 61, 90, 94, 98
2, 4, 23, 29, 42, 52, 66, 77, 82, 87
8, 10, 23, 26, 35, 38, 39, 60, 97, 98
8, 15, 28, 36, 39, 76, 82, 87, 90, 91
24, 27, 28, 38, 44, 54, 71, 82, 87, 100
7, 9, 12, 17, 46, 50, 54, 57, 67, 94
5, 6, 47, 52, 56, 63, 67, 76, 77, 88
11, 17, 20, 21, 51, 58, 89, 93, 98, 99
1, 16, 31, 45, 54, 61, 70, 92, 94, 95
11, 18, 20, 28, 31, 38, 43, 53, 65, 91
14, 31, 33, 55, 63, 72, 77, 83, 89, 95
1, 8, 13, 33, 38, 70, 72, 78, 90, 95
7, 11, 14, 17, 24, 25, 31, 61, 66, 85
2, 10, 12, 30, 37, 52, 62, 67, 96, 98
3, 7, 15, 44, 45, 47, 52, 68, 69, 80
32, 34, 37, 51, 53, 58, 63, 70, 74, 95
25, 48, 51, 54, 59, 67, 69, 73, 79, 90
10, 19, 23, 42, 60, 64, 67, 82, 87, 98
10, 17, 30, 38, 45, 46, 55, 59, 67, 95
9, 23, 27, 28, 30, 37, 48, 54, 56, 96
9, 16, 21, 50, 52, 66, 70, 74, 85, 94
6, 17, 19, 21, 23, 41, 47, 56, 78, 90
20, 24, 29, 33, 34, 51, 52, 63, 88, 100
10, 16, 17, 38, 41, 50, 59, 68, 73, 94
1, 7, 12, 22, 26, 40, 61, 67, 73, 80
7, 23, 36, 37, 47, 65, 73, 76, 81, 89
5, 15, 21, 23, 30, 33, 39, 45, 66, 99
7, 8, 31, 32, 37, 49, 63, 73, 86, 88
21, 22, 46, 48, 60, 65, 69, 88, 93, 94
9, 18, 22, 25, 40, 50, 59, 71, 72, 77
16, 32, 53, 55, 56, 62, 71, 72, 85, 100
2, 17, 32, 63, 69, 70, 72, 76, 96, 99
7, 11, 23, 24, 33, 45, 67, 69, 73, 94
5, 19, 24, 25, 36, 41, 57, 80, 91, 96
4, 43, 44, 45, 51, 65, 67, 68, 93, 99
9, 10, 14, 29, 41, 63, 80, 82, 85, 98
14, 28, 29, 39, 44, 81, 87, 92, 93, 95
8, 10, 12, 16, 17, 29, 41, 42, 82, 87
1, 9, 19, 26, 50, 59, 67, 89, 94, 97
6, 8, 10, 17, 30, 61, 66, 95, 96, 98
1, 9, 33, 41, 68, 72, 87, 91, 93, 98
5, 12, 13, 33, 56, 60, 65, 73, 74, 94
5, 9, 31, 41, 43, 47, 50, 69, 89, 96
2, 3, 16, 31, 36, 49, 55, 73, 74, 93
4, 21, 40, 44, 51, 53, 60, 68, 89, 92
8, 32, 34, 51, 55, 63, 69, 75, 82, 94
6, 27, 30, 37, 59, 67, 71, 80, 82, 83
1, 16, 23, 24, 25, 56, 73, 74, 75, 99
11, 15, 18, 23, 45, 72, 95, 96, 97, 98
13, 15, 19, 45, 49, 51, 67, 70, 87, 98
16, 45, 57, 63, 69, 70, 74, 76, 92, 96
1, 8, 12, 15, 40, 42, 58, 77, 80, 99
4, 23, 28, 34, 38, 45, 53, 56, 81, 91
11, 21, 22, 25, 46, 54, 62, 73, 74, 75
2, 4, 34, 37, 44, 68, 69, 71, 88, 96
11, 25, 32, 34, 57, 69, 74, 82, 90, 94
1, 29, 41, 43, 60, 63, 64, 74, 78, 82
8, 10, 12, 17, 29, 75, 78, 79, 82, 96
27, 37, 52, 65, 66, 70, 72, 92, 94, 99
6, 13, 23, 33, 35, 37, 67, 82, 87, 88
21, 24, 40, 49, 60, 66, 68, 78, 83, 94
6, 7, 18, 32, 49, 77, 80, 87, 92, 99
29, 38, 45, 64, 77, 78, 79, 82, 93, 100
4, 6, 12, 37, 60, 62, 64, 74, 86, 90
13, 20, 22, 39, 44, 65, 70, 80, 87, 88
6, 19, 40, 41, 63, 77, 85, 86, 88, 90
4, 23, 24, 34, 51, 75, 76, 80, 87, 91
5, 14, 15, 35, 39, 41, 63, 77, 85, 92
25, 28, 32, 39, 40, 64, 67, 70, 90, 96
2, 22, 24, 31, 32, 42, 48, 50, 95, 99
1, 7, 25, 34, 49, 62, 70, 87, 91, 94
8, 22, 40, 50, 58, 61, 68, 70, 83, 92
3, 6, 14, 17, 41, 49, 70, 83, 86, 89
6, 31, 35, 44, 55, 68, 75, 89, 91, 93
4, 31, 42, 49, 55, 64, 71, 78, 92, 99
3, 9, 27, 34, 38, 51, 57, 71, 89, 100
5, 18, 24, 27, 34, 39, 63, 74, 85, 87
4, 11, 20, 25, 55, 59, 67, 76, 88, 89
1, 17, 29, 38, 46, 56, 95, 96, 97, 98
13, 16, 19, 20, 25, 66, 72, 87, 89, 99
3, 9, 10, 26, 27, 51, 64, 68, 70, 100
7, 10, 15, 43, 59, 73, 84, 85, 95, 98
16, 17, 20, 26, 32, 41, 51, 80, 81, 100
15, 20, 26, 28, 35, 56, 59, 64, 80, 85
2, 7, 12, 15, 20, 50, 53, 63, 93, 97
6, 11, 21, 29, 41, 43, 63, 66, 89, 91
1, 2, 25, 44, 59, 68, 84, 92, 96, 100
1, 2, 3, 33, 43, 46, 61, 70, 82, 100
8, 13, 27, 33, 37, 46, 50, 69, 76, 100
9, 11, 13, 22, 28, 38, 45, 68, 78, 93
8, 10, 11, 31, 63, 64, 72, 77, 85, 88
6, 25, 38, 41, 49, 59, 61, 63, 71, 84
4, 20, 26, 38, 39, 46, 47, 65, 67, 82
1, 24, 55, 61, 68, 70, 78, 79, 91, 96
1, 7, 45, 53, 59, 61, 65, 71, 88, 100
6, 12, 24, 41, 55, 56, 66, 89, 90, 94
2, 7, 20, 22, 54, 56, 58, 80, 90, 98
3, 23, 34, 52, 59, 62, 69, 74, 88, 90
